1 5 2
2 001 3 10
3 002 4 20
4 027 22
5 003 8
6 003 7 6+
7 8 9
9 10 11 6+
10 12
11 004 13
12 005 15
13 14
14 005 15 36
15 16
16 17 38
17 006 033 18
18 19 41
19 007 20 25
20 21 26
21 22 33
22 27
23 008 34 23+ 24+
24 35 24+
25 009 31
26 009 010 32
27 011 032 28
28 032 29
29 30
30 012
31 32 43
32 33
33 45
34 013 35 49
35 36 51
36 37 54
37 034 38 54+
38 39
39 40
40 033 41 68
41 42 43
42 43 70
43 44
44 016
45 46
46 47
47 017 48
48 76
49 50 57
50 51 59
51 52
52 53 61
53 54 55
54 54+ 55
54+ 014
55 56
56 63
57 58 77
58 59 78
59 60
60 61 79
61 62 80
62 63
63 64
64 65
65 66 88
66 67 73
67 68 70
68 69
69 015
70 71
71 016 72
72 73 75
73 74
74 75 89
75 76
76 90
77 018 92
78 79 94
79 80
80 81
81 82 97
82 83
83 84
84 85
85 86 103
86 87 103
87 022 88
88 89
89 105 89+
90 91 106 90+
91 019
92 93 113
93 020 94
94 95
95 96 115
96 021 97
97 98
98 99 117
99 100 118
100 101
101 102
102 103
103 104 124
104 105
105 112 105+
106 107 106+
107 108 129
108 109
109 110
110 111 126
111 112
112 125
113 020 114
114 115
115 116
116 023 117
117 118
118 024 119
119 120
120 121
121 122
122 123
123 124
124 125
125 126
126 127
127 025 128
128 129
129 130
130 131
131 132
132 041 133
133 134
134 135
135 026
6+ 9+
9+ 028
028 029 030
031 029
23++ 008 030 031
24+ 030
23+ 031
105+ 037 109+
109+ 036 106+
106+ 035
89+ 038 90++
90++ 039 90+
90+ 040