001 东南门 2683 1788
002 东门 2670 1472
003 邱德拔体育馆 2613 1999
004 第三教学楼 2446 1944
005 第二教学楼 2396 1843
006 理科一号楼 2377 1715
007 理科教学楼 2376 1550
008 五四体育中心 2283 2192
009 地学楼 2212 1528
010 文史楼 2213 1453
011 博雅塔 2218 1175
012 第一体育馆 2175 964
013 南门 2179 2360
014 百周年纪念讲堂 2059 1789
015 燕南食堂 2021 1717
016 图书馆 1989 1502
017 第一教学楼 2039 1345
018 35号楼 1871 2175
019 俄文楼（元培学院） 1828 1338
020 学一食堂 1719 2176
021 家园食堂 1754 2051
022 第二体育馆 1766 1688
023 艺园食堂 1598 2078
024 学五食堂 1611 1967
025 勺园食堂 1489 1532
026 西门 1314 1075
027 东侧门 2649 1321
028 五四操场东北口 2444 2043
029 五四操场东南口 2459 2275
030 五四操场西北口 2303 2074
031 五四操场西南口 2318 2291
032 未名湖东南口 2154 1180
033 光华楼（光华管理学院） 2212 1699
034 智华楼（数学科学学院） 2218 1823
035 静园一院 1688 1461
036 静园二院 1688 1537
037 静园三院 1688 1609
038 静园四院 1837 1609
039 静园五院 1835 1533
040 静园六院 1834 1461
041 西侧门 1342 1336
1 1 2638 1922
2 2 2632 1780
3 3 2622 1475
4 4 2613 1325
5 5 2612 1922
6 6 2566 2010
7 7 2565 1981
8 8 2564 1924
9 9 2511 1984
10 10 2503 1787
11 11 2447 1985
12 12 2393 1792
13 13 2313 1991
14 14 2308 1883
15 15 2305 1796
16 16 2302 1757
17 17 2300 1721
18 18 2294 1626
19 19 2289 1553
20 20 2287 1493
21 21 2283 1424
22 22 2275 1340
23 23 2232 2199
24 24 2223 2050
25 25 2212 1556
26 26 2212 1493
27 27 2182 1199
28 28 2170 1161
29 29 2170 1049
30 30 2157 973
31 31 2156 1556
32 32 2153 1496
33 33 2151 1431
34 34 2169 2201
35 35 2161 2051
36 36 2153 1894
37 37 2149 1813
38 38 2147 1767
39 39 2145 1725
40 40 2143 1689
41 41 2142 1632
42 42 2094 1611
43 43 2132 1565
44 44 2128 1497
45 45 2125 1434
46 46 2088 1392
47 47 2041 1390
48 48 1956 1395
49 49 2046 2205
50 50 2042 2134
51 51 2039 2056
52 52 2036 1982
53 53 2034 1939
54 54 2060 1901
54+ 54+ 2098 1852
55 55 2032 1903
56 56 2012 1891
57 57 1930 2211
58 58 1929 2138
59 59 1973 2135
60 60 1970 2059
61 61 1967 1989
62 62 1967 1913
63 63 1989 1875
64 64 1979 1726
65 65 1936 1717
66 66 1935 1701
67 67 2004 1695
68 68 2046 1695
69 69 2050 1728
70 70 2002 1619
71 71 1990 1619
72 72 1932 1624
73 73 1932 1652
74 74 1894 1651
75 75 1893 1624
76 76 1879 1403
77 77 1873 2212
78 78 1861 2140
79 79 1859 2062
80 80 1857 1993
81 81 1809 1994
82 82 1809 1941
83 83 1819 1919
84 84 1810 1736
85 85 1750 1736
86 86 1751 1724
87 87 1768 1723
88 88 1812 1721
89 89 1812 1653
90 90 1807 1405
91 91 1811 1338
92 92 1811 2213
93 93 1811 2178
94 94 1809 2141
95 95 1795 2140
96 96 1792 2057
97 97 1790 1996
98 98 1691 1997
99 99 1680 1969
100 100 1676 1950
101 101 1685 1904
102 102 1683 1810
103 103 1719 1724
104 104 1718 1688
105 105 1719 1653
106 106 1714 1413
107 107 1649 1419
108 108 1650 1522
109 109 1642 1548
110 110 1640 1619
111 111 1649 1623
112 112 1650 1653
113 113 1719 2217
114 114 1653 2215
115 115 1646 2144
116 116 1644 2079
117 117 1644 2001
118 118 1643 1971
119 119 1643 1944
120 120 1611 1914
121 121 1562 1883
122 122 1560 1807
123 123 1565 1771
124 124 1576 1725
125 125 1565 1655
126 126 1561 1622
127 127 1554 1532
128 128 1549 1455
129 129 1559 1423
130 130 1461 1388
131 131 1435 1356
132 132 1370 1338 
133 133 1359 1222
134 134 1353 1168
135 135 1363 1075
6+ 6+ 2515 2017
9+ 9+ 2517 2038
23+ 23+ 2241 2295
24+ 24+ 2227 2078
23++ 23++ 2311 2187
90+ 90+ 1808 1461
90++ 90++ 1808 1534
89+ 89+ 1811 1610
105+ 105+ 1717 1609
109+ 109+ 1716 1537
106+ 106+ 1715 1461
